# yamllint disable
end-of-epoch: true
error_rate: 0.1672857105731964
loss: 3.9810898506934045
unixtime: 1742331919.1807432
