# yamllint disable
end-of-epoch: true
error_rate: 0.17999999225139618
loss: 2.89108279504554
unixtime: 1735676454.1255014
